({0, 7, 8, 41, 42, 46, 16, 18, 19, 20, 23, 28}, {1, 3, 5, 6, 9, 10, 13, 17, 22, 25, 29, 30, 31, 33, 34, 36, 38, 39, 43, 48, 50}, {32, 2, 35, 37, 11, 45, 14, 49}, {4, 40, 44, 12, 15, 47, 21, 24, 26, 27})
Modularity of The graph is: 0.6669217426793185
Conductance of the graph is: 0.009622483459692762
Expansion of the graph is: 0.06964285714285715
External Density of the graph is: 0.011724386724386724
({0, 2, 3, 10, 11, 12, 19, 20, 23, 27, 29, 32, 33, 34, 35, 42, 43, 44, 46, 47, 48, 49, 51}, {1, 4, 5, 7, 8, 9, 13, 14, 15, 16, 17, 18, 21, 25, 26, 30, 31, 36, 37, 38, 39, 40, 41, 50, 53, 54, 55, 56}, {6, 45, 52, 22, 24, 28})
Modularity of The graph is: 0.43852341281241014
Conductance of the graph is: 0.12650635941109348
External Density of the graph is: 0.19802859513004442
({0, 1, 2, 4, 5, 6, 9, 10, 11, 15, 17, 25, 26, 30, 32, 35, 41, 42, 43, 47, 48, 49, 50, 51, 52, 53, 56, 57, 59, 60, 62, 64, 66, 67, 68, 71, 73, 74, 77, 79, 81, 84, 86, 87, 88, 89, 91, 92, 94, 95, 96, 97, 98, 99, 100, 101, 103, 104, 107, 108, 109, 110, 111, 112, 113, 115, 116, 119, 120, 123, 126, 128, 130, 131, 132, 135, 137, 138, 139, 140, 141, 143, 145, 146, 147, 148, 149, 150, 151, 152, 154, 155, 156, 157, 159, 160, 163, 164, 165, 166, 170, 171, 172, 174, 176, 177, 179, 181, 183, 185, 186, 187, 188, 189, 191, 192, 194, 195, 196, 197, 198, 199, 200, 201, 202, 204, 205, 206, 207, 208, 211, 212, 213, 214, 215, 217, 218, 220, 221, 222, 223, 227, 228, 230, 231, 232, 233, 234, 235, 236, 238, 240, 241, 242, 243, 244, 245}, {129, 3, 133, 134, 7, 136, 13, 14, 142, 144, 20, 23, 24, 153, 27, 28, 29, 158, 31, 162, 36, 37, 39, 40, 168, 167, 169, 173, 46, 175, 178, 180, 182, 55, 184, 54, 58, 190, 63, 193, 65, 69, 72, 75, 76, 203, 78, 209, 210, 83, 82, 85, 216, 90, 219, 93, 224, 229, 105, 106, 239, 114, 117, 118, 248, 249, 122, 124, 125, 127}, {8, 12, 16, 18, 19, 21, 22, 33, 34, 161, 38, 44, 45, 61, 70, 80, 225, 226, 102, 237, 246, 247, 121})
Modularity of The graph is: 0.3761895967990151
Conductance of the graph is: 0.06205542365061784
Expansion of the graph is: 0.4596668908493888
External Density of the graph is: 0.026309946553646362
({9, 10, 11, 12, 13, 14}, {4, 5, 6, 7, 8}, {0, 1, 2, 3})
Modularity of The graph is: 0.5187304890738813
Conductance of the graph is: 0.07418873982341474
Expansion of the graph is: 0.5499999999999999
External Density of the graph is: 0.3
{{0, 1, 2, 3, 9, 10, 11, 12, 13, 14}, {4, 5, 6, 7, 8}}
Modularity of The graph is: 0.37777777777777777
Conductance of the graph is: 0.039136302294197026
Expansion of the graph is: 0.30000000000000004
External Density of the graph is: 0.12222222222222223